56.0  36.224542166107774  27.46389908753495  1.2472408164492195e-5  30.469325630477833
60.0  36.36497135636782  27.556214093664146  1.4942585749388978e-5  30.470418546405153
70.0  36.67628534111385  27.76381167954487  2.2387173580936894e-5  30.47224958224257
80.0  36.94514823527192  27.944533249551466  3.17985241408128e-5  30.4733349419954
90.0  37.18336737947041  28.1041879065942  4.336725554649342e-5  30.474022740288454
100.0  37.203482682171746  28.104316463069225  5.770775695605772e-5  32.09779561832817
110.0  37.598113162518885  28.37706453705253  7.38067032828808e-5  30.479103777807385
120.0  37.78006725199211  28.492911636810874  9.29575472352687e-5  30.47503054193037
130.0  37.953195191824065  28.600224705144313  0.00011512595043565363  30.47519936676634
140.0  38.130954189082146  28.708423201563402  0.00014051497877774408  30.48515462401406
150.0  38.137972225533  28.690696085488568  0.00016876978480043737  31.60362060133234
160.0  38.41258742015278  28.861437570475488  0.00020341022881098476  30.8022798140514
170.0  38.659153030784545  29.02076435108228  0.00022642457481307425  41.991388167687525
180.0  38.659151633344315  29.02076188196288  0.00022625041108409515  226.91955028206394
190.0  38.65856406754351  28.937223869391783  0.00032962953651644256  32.84315572175408
200.0  38.65856406754351  28.937223869391783  0.00032952648568254785  123.94358128699149
210.0  38.63997427487903  28.92320720389749  0.00033029943378531994  363.56454607772423
220.0  38.75722343620615  29.008200478794695  0.00032907163190866304  688.0477975549509
230.0  38.751353893799035  29.003418663849178  0.00032973232798983436  1069.5449098005433
240.0  38.76767821044531  28.865156129554794  0.0005170065955887038  276.3453210388659
250.0  38.76767821044531  28.865156129554794  0.0005169721321451945  538.145545061974
260.0  38.768246681023115  28.865240671113284  0.00051733173409346  852.5441790648852
270.0  38.768246681023115  28.865240671113284  0.0005173270275931379  1200.797373182555
280.0  38.768259521121514  28.86524756339031  0.0005173185673618629  1567.305469245857
