56.0  36.225245104808636  27.46414008172817  1.2512655153215107e-5  19.831510261081586  19.831054137559818  0.000456123521768934
56.1  36.225887622305805  27.46428036877905  1.2574072893343593e-5  19.819538313926408  19.819309560303445  0.00022875362296314355
56.2  36.22555203978934  27.46389240255592  1.259674363641589e-5  19.793581981589632  19.793309465033957  0.0002725165556770391
56.3  36.2257889075657  27.463704774152013  1.2665891547012404e-5  19.785222883457713  19.78399442820143  0.0012284552562832978
56.4  36.22623910437284  27.463843208367475  1.269296806671858e-5  19.767317619619856  19.76727904583106  3.857378879667528e-5
56.5  36.22777901719506  27.464931783071087  1.2688757766407239e-5  19.76759387642766  19.748114403769584  0.01947947265807609
56.6  36.22718844726191  27.46391764828375  1.2823368855693751e-5  19.754998905456407  19.75496837916483  3.052629157632266e-5
56.7  36.227188447506215  27.46391764580612  1.2823369216079416e-5  19.76807785879146  19.767912927817335  0.00016493097412535217
56.8  36.228047501476205  27.46401907669089  1.288970217203964e-5  19.84182845103616  19.840826147216582  0.0010023038195791664
56.9  36.22878458367103  27.464443380007804  1.2900548402277135e-5  19.835924915135738  19.8358894252702  3.548986553710494e-5
57.0  36.22951633285109  27.464856946464323  1.2927317081400046e-5  19.77859222218727  19.776709035664382  0.0018831865228903762
57.1  36.23085624974505  27.46565127926915  1.297009374222392e-5  19.750213710489373  19.750213617227075  9.326229624251246e-8
57.2  36.23108062116765  27.465507084041406  1.3078357916518325e-5  19.78715090248488  19.777793374708747  0.009357527776132907
57.3  36.232510135293055  27.466196662304398  1.312945687707921e-5  19.737420543369666  19.737416784836846  3.7585328218104145e-6
57.4  36.231886730750674  27.465578040586685  1.3201299219764195e-5  19.852854945258166  19.852772740521402  8.220473676394345e-5
57.5  36.230683221710414  27.464156344495528  1.3304851231316698e-5  19.745439515396164  19.745380921338  5.85940581646096e-5
57.6  36.23086413681824  27.464240136526847  1.330872559260076e-5  19.78369918199557  19.783281801915727  0.0004173800798408301
57.7  36.230537796180144  27.463410188051572  1.3425882213627827e-5  19.76406766761988  19.764061682443042  5.9851768378494974e-6
57.8  36.231146992357964  27.46363666301115  1.3504229896966622e-5  19.774119150892503  19.7723785359802  0.0017406149123044962
57.9  36.23308102952752  27.464843523850824  1.356653985686351e-5  19.842096691246528  19.840197084066475  0.0018996071800539368
58.0  36.23294458780776  27.464535442804667  1.3592671712514064e-5  19.80451466054494  19.8017026483733  0.002812012171637942
58.1  36.23222405652754  27.463167610646778  1.3806799017876365e-5  19.74883965401239  19.74863626443275  0.00020338957963912075
58.2  36.23314340986569  27.463550878440987  1.3879192539121586e-5  19.751183464428976  19.75117780720407  5.657224905728895e-6
58.3  36.234674383842545  27.464574570302332  1.3888101379449049e-5  19.767235405136667  19.76671858881689  0.0005168163197769779
58.4  36.23460164636476  27.464439980280346  1.3903481929124785e-5  19.803124306946646  19.797482755850822  0.005641551095823873
58.5  36.234197534184176  27.463829562444126  1.3947054404296862e-5  19.84274910383113  19.841164135428627  0.0015849684025036194
58.6  36.234197534184176  27.463829562444126  1.3947054404296862e-5  19.852468688414838  19.849627202115418  0.0028414862994205923
58.7  36.23453173443511  27.463823930957478  1.4013305830107044e-5  19.867090226527928  19.8662372348207  0.0008529917072277369
58.8  36.234423726899635  27.46324629214358  1.406398036013277e-5  20.30472129985293  20.27897833979552  0.025742960057408865
58.9  36.23762183339879  27.465664926080827  1.4174494850459433e-5  20.180860339411986  20.18084590009309  1.443931889582534e-5
59.0  36.237945511536466  27.465767002765375  1.4177944698581096e-5  20.09614720677833  20.087081404021017  0.009065802757311895
59.1  36.23777863608153  27.46521064570318  1.4224234081659848e-5  19.97372003955939  19.96674629241566  0.006973747143727818
59.2  36.23745598831122  27.464697588073484  1.4305265988962616e-5  19.968236063691684  19.961146683514773  0.007089380176909762
59.3  36.23827835608638  27.46519389540146  1.4343683633566548e-5  20.00526980234701  20.00418473231673  0.0010850700302794504
59.4  36.23839563505796  27.465157172235283  1.4403978328529075e-5  20.209769881319147  20.20413125151778  0.005638629801368851
59.5  36.24141530313653  27.466778406838813  1.4452692701855626e-5  20.350854043140608  20.34927305577795  0.0015809873626577424
59.6  36.24233649669653  27.467321356426613  1.4532312211366146e-5  20.05848665757757  20.057147665264466  0.001338992313103776
59.7  36.24483730076001  27.469222003122052  1.4539936977406508e-5  20.14389480044874  20.14292656271747  0.000968237731270733
59.8  36.245762867160636  27.469591589516135  1.4629407590105386e-5  20.169473816713403  20.162458136117422  0.007015680595982155
59.9  36.24578042735233  27.469591150383245  1.4628800866309125e-5  20.38362057946236  20.330852707683203  0.05276787177915577
60.0  36.246593017558816  27.46961986149312  1.4730439435093417e-5  20.179525445385405  20.179265351752193  0.0002600936332112474
60.1  36.24776037618468  27.469902992302067  1.4965311665854976e-5  20.108628756820266  20.108602725714206  2.603110605853496e-5
60.2  36.24886939114839  27.470210345707876  1.507359933679496e-5  20.069920275783158  20.057881622628024  0.012038653155132894
60.3  36.24794946869349  27.469008186630738  1.526188392027739e-5  19.99083583252546  19.99083582647323  6.052230082519945e-9
60.4  36.247210681240475  27.46820163071671  1.5338147738529338e-5  20.013813543807853  20.013812934489078  6.093187754128399e-7
60.5  36.24762583714597  27.468304387215696  1.53936868759893e-5  20.043091457110037  20.043091399518936  5.759110290580162e-8
60.6  36.248048336296314  27.468515112607655  1.5416370260372332e-5  20.120050974207007  20.10198265411197  0.018068320095035735
60.7  36.249653552137985  27.469499937579453  1.5457958275803003e-5  20.12941997008114  20.129285705511272  0.00013426456986942103
60.8  36.251006012615804  27.470310559721682  1.5491868737813628e-5  20.178223489448825  20.178192010729912  3.147871891252822e-5
60.9  36.25234138223376  27.471156191502043  1.5542112732130415e-5  20.221407737652623  20.20932654073213  0.012081196920495344
61.0  36.25319740099163  27.471636148151347  1.554685320384209e-5  20.301573762209525  20.29822224075778  0.003351521451745117
61.1  36.25353039324754  27.471627634576116  1.5648670177135534e-5  20.292619548182994  20.283799324194586  0.008820223988409624
61.2  36.25473830563776  27.47218578798962  1.5659615805314683e-5  20.732274155602724  20.728133572247785  0.004140583354940375
61.3  36.254811689803766  27.472264417336234  1.5719880445981997e-5  20.426997318991553  20.397172243193467  0.02982507579808595
61.4  36.255513195303244  27.472523210201814  1.576473404364288e-5  20.48094492091306  20.477777067296554  0.003167853616506049
61.5  36.25644945138099  27.473075639289295  1.5792019639611854e-5  20.555664340486828  20.554417260870608  0.0012470796162211374
61.6  36.256815194770454  27.473258101666165  1.585777411750202e-5  20.58861713442432  20.588387326405456  0.00022980801886671341
61.7  36.256444689727374  27.472726916397434  1.595780129939849e-5  20.679539557092923  20.67754895232205  0.0019906047708745404
61.8  36.25712415031553  27.473021201419687  1.5996542616553514e-5  20.714255683833073  20.66552589683027  0.048729787002801866
61.9  36.25755166211364  27.472943743989603  1.6110811903387565e-5  20.62805293274705  20.61817617600966  0.009876756737392255
62.0  36.258955512864  27.473624380236252  1.6210370747593937e-5  20.61714298932265  20.614709170313464  0.0024338190091864453
62.1  36.25920611663186  27.473765876302828  1.6225388585288887e-5  20.7100289973355  20.707935423280777  0.002093574054722072
62.2  36.25964848897183  27.473844072296608  1.6327651679155194e-5  20.759363251156266  20.756705552162344  0.002657698993922629
62.3  36.26037296190593  27.474062583377727  1.63488823241119e-5  20.939768040122004  20.939758967810555  9.072311450520719e-6
62.4  36.25896729910999  27.4729232548927  1.6398850516143382e-5  20.919315657129108  20.919286994933795  2.866219531072634e-5
62.5  36.25896330137508  27.47288711230253  1.640249975941155e-5  21.026002610062623  21.02599663064446  5.979418160977522e-6
62.6  36.258963301316825  27.472887112256693  1.646400913318113e-5  21.536161178972883  21.32434491873353  0.21181626023935343
62.7  36.25928185235978  27.47297659767059  1.6469676685965384e-5  21.40628168340005  21.282282690518038  0.12399899288201204
62.8  36.25959928154374  27.472886584788256  1.654284296271873e-5  21.90233977027865  21.254425507727642  0.6479142625510081
62.9  36.25691792544656  27.470462100492576  1.674604559536328e-5  21.22067981952211  21.21977044379761  0.0009093757245020729
63.0  36.25668071565559  27.47005687421447  1.6812160572512817e-5  21.25785382712965  21.256937925491055  0.0009159016385942152
63.1  36.25618533262848  27.469582343348385  1.6817905104480817e-5  21.395683292372738  21.390882711535745  0.004800580836992554
63.2  36.25720244653607  27.469940588601116  1.694005994113479e-5  21.384180287715708  21.382456993132198  0.0017232945835103178
63.3  36.25720526254874  27.469942394129536  1.6947772606989703e-5  21.53301980817366  21.506217457707336  0.026802350466323017
63.4  36.25755723396844  27.46983221908142  1.7050276561295343e-5  21.61111966990394  21.55271323855817  0.05840643134576952
63.5  36.25960108942392  27.471021172379103  1.7228248233563474e-5  21.439017144698308  21.433442790484758  0.005574354213550971
