56.0  36.224542166107774  27.46389908753495  1.2472408164492195e-5  30.469325630477833
60.0  36.36497135636782  27.556214093664146  1.4942585749388978e-5  30.470418546405153
70.0  36.67628534111385  27.76381167954487  2.2387173580936894e-5  30.47224958224257
80.0  36.94514823527192  27.944533249551466  3.17985241408128e-5  30.4733349419954
90.0  37.18336737947041  28.1041879065942  4.336725554649342e-5  30.474022740288454
100.0  37.203482682171746  28.104316463069225  5.770775695605772e-5  32.09779561832817
110.0  37.598113162518885  28.37706453705253  7.38067032828808e-5  30.479103777807385
120.0  37.78006725199211  28.492911636810874  9.29575472352687e-5  30.47503054193037
130.0  37.953195191824065  28.600224705144313  0.00011512595043565363  30.47519936676634
140.0  38.130954189082146  28.708423201563402  0.00014051497877774408  30.48515462401406
150.0  38.137972225533  28.690696085488568  0.00016876978480043737  31.60362060133234
160.0  38.41258742015278  28.861437570475488  0.00020341022881098476  30.8022798140514

162.0  38.40846321927961  28.85422839317246  0.00020865799600346986  30.602056738310445
164.0  38.5392790614733  28.943187306922457  0.0002154516002878189  30.68616025348308
166.0  38.567592000167224  28.957827129726486  0.00022263072899194908  30.570368247326833
168.0  38.567592000167224  28.957827129726486  0.00022258991868631556  36.42222158380056
170.0  38.567592000167224  28.957827129726486  0.00022255136947999264  53.17219597830195
172.0  38.567592000167224  28.957827129726486  0.00022251415889213149  79.71833103709207
174.0  38.69445537512257  29.025762981395786  0.0002517056752931797  30.832888818550142
176.0  38.69445537512257  29.025762981395786  0.0002516719330417481  38.165044825687175
178.0  38.694464773586674  29.02542064386611  0.0002520515607865014  54.682219687540865
180.0  38.694464773586674  29.02542064386611  0.00025204053627316523  79.63196141339577
182.0  38.741377485620355  29.0303636347919  0.0002877703539252742  30.490450984356833
184.0  38.70373157184208  28.995974808686878  0.00029685409481160945  30.776856546871134
186.0  38.70373157184208  28.995974808686878  0.00029683062235219917  36.1577843400102
188.0  38.7204723445016  28.996566640898692  0.0003110322391207262  32.39479805439082
190.0  38.7204723445016  28.996566640898692  0.0003110087940881405  41.95210578242158
192.0  38.80984390048022  29.05836205087875  0.00031391105994855203  50.578833072432516
194.0  38.79370150009697  29.02297896106794  0.0003434274129520655  31.498575135303202
196.0  38.79370150009697  29.02297896106794  0.0003434114774033729  37.67448030265756
