-1.433431845485493206e+01 -7.645518260846132286e+00 2.606707450494643030e+00
-1.423584279051621060e+01 -7.354544253159949641e+00 2.676315761055501952e+00
-1.414486415349903758e+01 -7.081809039096438774e+00 2.744372095647271248e+00
-1.406111510996870351e+01 -6.825952523662600413e+00 2.811328617981665001e+00
-1.398430303685812781e+01 -6.585675593169862729e+00 2.877584129471121077e+00
-1.391411377735499855e+01 -6.359739860397967348e+00 2.943486757629859785e+00
-1.385021512253360143e+01 -6.146967262187443382e+00 3.009336665273275813e+00
-1.379226011913490169e+01 -5.946239515807028475e+00 3.075388771435142665e+00
-1.373989020383401538e+01 -5.756497440552934108e+00 3.141855475274848430e+00
-1.369273816465763360e+01 -5.576740151132400847e+00 3.208909374601686348e+00
-1.365043093052484124e+01 -5.406024129463338213e+00 3.276685970998185038e+00
-1.361259219018328892e+01 -5.243462181587218218e+00 3.345286353880531749e+00
-1.357884484209899156e+01 -5.088222286442829478e+00 3.414779856189383622e+00
-1.354881327713261641e+01 -4.939526343285668197e+00 3.485206674759725676e+00
-1.352212549609767223e+01 -4.796648824561528635e+00 3.556580448772348912e+00
-1.349841506454674445e+01 -4.658915341053716297e+00 3.628890790041974679e+00
-1.347732290737167915e+01 -4.525701126122390505e+00 3.702105759247863226e+00
-1.345849894603146879e+01 -4.396429445841246064e+00 3.776174282561378881e+00
-1.344160358143877332e+01 -4.270569941812557779e+00 3.851028503470979469e+00
-1.342630902574192575e+01 -4.147636913406222980e+00 3.926586064948211607e+00
-1.341230048643481787e+01 -4.027187546122979356e+00 4.002752317438648788e+00
-1.339927720641155062e+01 -3.908820092725853179e+00 4.079422448498134735e+00
-1.338695336375728573e+01 -3.792172013718650536e+00 4.156483530228159751e+00
-1.337505883523089878e+01 -3.676918083675512428e+00 4.233816480993116471e+00
-1.336333982754916505e+01 -3.562768469841936181e+00 4.311297938227588666e+00
-1.335155938072661641e+01 -3.449466789335419392e+00 4.388802039462690097e+00
-1.333949774785993725e+01 -3.336788151173474937e+00 4.466202109016944810e+00
-1.332695265587103250e+01 -3.224537189248520619e+00 4.543372248109116107e+00
-1.331373945183880636e+01 -3.112546092253252183e+00 4.620188826457411579e+00
-1.329969113965666772e+01 -3.000672636437035301e+00 4.696531873731725426e+00
-1.328465831185054924e+01 -2.888798226943690040e+00 4.772286369522830363e+00
-1.326850898148138924e+01 -2.776825953344448816e+00 4.847343430784054163e+00
-1.325112831913639688e+01 -2.664678664836507060e+00 4.921601395988071559e+00
-1.323241830008554842e+01 -2.552297070428519721e+00 4.994966805522212283e+00
-1.321229726674310534e+01 -2.439637869278938886e+00 5.067355278121834949e+00
-1.319069941162954152e+01 -2.326671916192517120e+00 5.138692283410988715e+00
-1.316757418607648766e+01 -2.213382427113760098e+00 5.208913810884352458e+00
-1.314288563995662784e+01 -2.099763229284970834e+00 5.277966935922565384e+00
-1.311661169775201330e+01 -1.985817060559787794e+00 5.345810283686100561e+00
-1.308874337629807982e+01 -1.871553922182298990e+00 5.412414391979091022e+00
-1.305928394955672900e+01 -1.756989489155742046e+00 5.477761974415308543e+00
-1.302824806578069783e+01 -1.642143582135112911e+00 5.541848085452682149e+00
-1.299566082243243059e+01 -1.527038704583443263e+00 5.604680189090934128e+00
-1.296155680421497891e+01 -1.411698648733735961e+00 5.666278133248408899e+00
-1.292597908955878516e+01 -1.296147173696204469e+00 5.726674032049795748e+00
-1.288897823088825234e+01 -1.180406758845476745e+00 5.785912058464669272e+00
-1.285061121396415373e+01 -1.064497435413032989e+00 5.844048149939309766e+00
-1.281094040156382619e+01 -9.484356989986140185e-01 5.901149629859261836e+00
-1.277003246671960746e+01 -8.322335054987481939e-01 5.957294747868844276e+00
-1.272795732068795616e+01 -7.158973527331191633e-01 6.012572142255178775e+00
-1.268478704076665764e+01 -5.994274498285259156e-01 6.067080227779175772e+00
-1.264059480301624561e+01 -4.828169761975869001e-01 6.120926512502918193e+00
-1.259545382487324794e+01 -3.660514317236662762e-01 6.174226847323589062e+00
-1.254943632256841468e+01 -2.491080795366240608e-01 6.227104612076433732e+00
-1.250261248818173954e+01 -1.319554825342788007e-01 6.279689842215081974e+00
-1.245504949107858828e+01 -1.455313457408502487e-02 6.332118300215045181e+00
-1.240681050837711297e+01 1.031488129733197923e-01 6.384530495976628472e+00
-1.235795378899712205e+01 2.212097288502650194e-01 6.437070660625670904e+00
-1.230853175573389535e+01 3.396985834945129845e-01 6.489885678225104648e+00
-1.225859014968803251e+01 4.586939345899496701e-01 6.543123980016693153e+00
-1.220816722126359721e+01 5.782838168337800511e-01 6.596934405910598542e+00
-1.215729297182239677e+01 6.985655364048861671e-01 6.651465038030440979e+00
-1.210598844995136858e+01 8.196453708549862327e-01 6.706862011203199359e+00
-1.205426510616406155e+01 9.416381753805724841e-01 6.763268305356286092e+00
-1.200212420971467431e+01 1.064666896670348084e+00 6.820822524848806800e+00
-1.194955633105575998e+01 1.188861995758173862e+00 6.879657669819621901e+00
-1.189654089331703801e+01 1.314360781547017964e+00 6.939899904681838372e+00
-1.184304579602436469e+01 1.441306656902658023e+00 7.001667328931186596e+00
-1.178902711411354609e+01 1.569848279448946560e+00 7.065068755464725569e+00
-1.173442887512468324e+01 1.700138639426732379e+00 7.130202501625799272e+00
-1.167918291728816094e+01 1.832334057207935185e+00 7.197155198201720339e+00
-1.162320883103427960e+01 1.966593103282470612e+00 7.266000621601488518e+00
-1.156641398627426476e+01 2.103075443760333840e+00 7.336798554432409247e+00
-1.150869364761177138e+01 2.241940614652061292e+00 7.409593679676406808e+00
-1.144993117945057115e+01 2.383346728409384774e+00 7.484414513639022992e+00
-1.138999834276666512e+01 2.527449116422270325e+00 7.561272382806686565e+00
-1.132875568511112974e+01 2.674398911379866739e+00 7.640160449700532652e+00
-1.126605302520445839e+01 2.824341573609447487e+00 7.721052792757923555e+00
-1.120173003327335870e+01 2.977415365710203154e+00 7.803903545205816528e+00
-1.113561690806820970e+01 3.133749779996124030e+00 7.888646097813110103e+00
-1.106753515128251486e+01 3.293463923455137721e+00 7.975192370322182533e+00
-1.099729843987650035e+01 3.456664865118457275e+00 8.063432156262807737e+00
-1.092471359658401298e+01 3.623445950915917813e+00 8.153232545744774740e+00
-1.084958165865722357e+01 3.793885091267769294e+00 8.244437430708469350e+00
-1.077169904467548811e+01 3.968043026832736686e+00 8.336867096985820069e+00
-1.069085881901549229e+01 4.145961577993535485e+00 8.430317907387044229e+00
-1.060685205334776526e+01 4.327661883816254829e+00 8.524562079881848220e+00
-1.051946928429181050e+01 4.513142636366805682e+00 8.619347564787084082e+00
-1.042850206612726005e+01 4.702378316407399339e+00 8.714398024706376589e+00
-1.033374461722336335e+01 4.895317436626706709e+00 8.809412920791194423e+00
-1.023499555861248211e+01 5.091880798680278986e+00 8.904067708706991269e+00
-1.013205974289731337e+01 5.291959770431153842e+00 8.998014147492963133e+00
-1.002475017144444358e+01 5.495414589885173839e+00 9.090880724299459814e+00
-9.912889997581018520e+00 5.702072702410248439e+00 9.182273197773263007e+00
-9.796314613275644234e+00 5.911727137913723951e+00 9.271775262638492165e+00
-9.674873816549899530e+00 6.124134934726786383e+00 9.358949337789148615e+00
-9.548434056633965383e+00 6.339015617008922021e+00 9.443337479969359904e+00
-9.416880753648261049e+00 6.556049732538828501e+00 9.524462424868891830e+00
-9.280120689363762665e+00 6.774877457800346114e+00 9.601828757204764031e+00
-9.138084465366860698e+00 6.995097277302849470e+00 9.674924211095444093e+00
